ET  1. 183.
ET  2. 153.

 LIST ALL SELECTED NODES.   DSYS=      0

 *** ANSYS - ENGINEERING ANALYSIS SYSTEM  RELEASE Release 18.2     18.2     ***
 DISTRIBUTED ANSYS Academic Teaching Advanced                  

 00396707  VERSION=WINDOWS x64   11:54:16  MAR 27, 2018 CP=      0.719

 tests--Static Structural (B5)                                                 



   NODE        X                   Y                   Z
        1    17.6776695300         17.6776695300         0.00000000000     
        2    0.00000000000         25.0000000000         0.00000000000     
        3    50.0000000000         50.0000000000         0.00000000000     
        4    0.00000000000         50.0000000000         0.00000000000     
        5    25.0000000000         0.00000000000         0.00000000000     
        6    50.0000000000         0.00000000000         0.00000000000     
        7    28.0194489000         2.92757701000         0.00000000000     
        8    27.7038142000         5.83444113500         0.00000000000     
        9    27.1811419100         8.70007937700         0.00000000000     
       10    26.4564760200         11.5043765900         0.00000000000     
       11    25.5368098200         14.2278095700         0.00000000000     
       12    24.4310184500         16.8516355200         0.00000000000     
       13    23.1539873200         19.3529438100         0.00000000000     
       14    31.1595276300         3.40220886600         0.00000000000     
       15    30.8889836000         6.78666383000         0.00000000000     
       16    30.4409787800         10.1357823200         0.00000000000     
       17    29.8198365900         13.4323227900         0.00000000000     
       18    29.0315512700         16.6595510600         0.00000000000     
       19    28.0837301000         19.8014018700         0.00000000000     
       20    26.9891319900         22.8382375500         0.00000000000     
       21    34.2996063600         3.87684072100         0.00000000000     
       22    34.0741530000         7.73888652500         0.00000000000     
       23    33.7008156500         11.5714852700         0.00000000000     
       24    33.1831971600         15.3602689900         0.00000000000     
       25    32.5262927300         19.0912925500         0.00000000000     
       26    31.7364417500         22.7511682300         0.00000000000     
       27    30.8242766500         26.3235312900         0.00000000000     
       28    37.4396850900         4.35147257700         0.00000000000     
       29    37.2593224000         8.69110922000         0.00000000000     
       30    36.9606525200         13.0071882200         0.00000000000     
       31    36.5465577200         17.2882151900         0.00000000000     
       32    36.0210341800         21.5230340400         0.00000000000     
       33    35.3891534000         25.7009345800         0.00000000000     
       34    34.6594213200         29.8088250400         0.00000000000     
       35    40.5797638100         4.82610443300         0.00000000000     
       36    40.4444918000         9.64333191500         0.00000000000     
       37    40.2204893900         14.4428911600         0.00000000000     
       38    39.9099182900         19.2161613900         0.00000000000     
       39    39.5157756400         23.9547755300         0.00000000000     
       40    39.0418650500         28.6507009400         0.00000000000     
       41    38.4945659900         33.2941187800         0.00000000000     
       42    43.7198425400         5.30073628900         0.00000000000     
       43    43.6296612000         10.5955546100         0.00000000000     
       44    43.4803262600         15.8785941100         0.00000000000     
       45    43.2732788600         21.1441076000         0.00000000000     
       46    43.0105170900         26.3865170200         0.00000000000     
       47    42.6945767000         31.6004672900         0.00000000000     
       48    42.3297106600         36.7794125200         0.00000000000     
       49    46.8599212700         5.77536814400         0.00000000000     
       50    46.8148306000         11.5477773000         0.00000000000     
       51    46.7401631300         17.3142970500         0.00000000000     
       52    46.6366394300         23.0720538000         0.00000000000     
       53    46.5052585500         28.8182585100         0.00000000000     
       54    46.3472883500         34.5502336500         0.00000000000     
       55    46.1648553300         40.2647062600         0.00000000000     
       56    50.0000000000         6.25000000000         0.00000000000     
       57    50.0000000000         12.5000000000         0.00000000000     
       58    50.0000000000         18.7500000000         0.00000000000     
       59    50.0000000000         25.0000000000         0.00000000000     
       60    50.0000000000         31.2500000000         0.00000000000     
       61    50.0000000000         37.5000000000         0.00000000000     
       62    50.0000000000         43.7500000000         0.00000000000     
       63    28.1250000000       -0.535782974600E-014    0.00000000000     
       64    31.2500000000       -0.459242549700E-014    0.00000000000     
       65    34.3750000000       -0.382702124700E-014    0.00000000000     
       66    37.5000000000       -0.306161699800E-014    0.00000000000     
       67    40.6250000000       -0.229621274800E-014    0.00000000000     
       68    43.7500000000       -0.153080849900E-014    0.00000000000     
       69    46.8750000000       -0.765404249500E-015    0.00000000000     
       70    24.8793701700         2.45294515400         0.00000000000     
       71    24.5186448100         4.88221844000         0.00000000000     
       72    23.9213050500         7.26437643100         0.00000000000     
       73    23.0931154500         9.57643038300         0.00000000000     
       74    22.0420683700         11.7960680800         0.00000000000     
       75    20.7783068100         13.9018691700         0.00000000000     
       76    19.3188426500         15.8676500700         0.00000000000     
       77    45.9597086900         45.9597086900         0.00000000000     
       78    41.9194173800         41.9194173800         0.00000000000     
       79    37.8791260700         37.8791260700         0.00000000000     
       80    33.8388347600         33.8388347600         0.00000000000     
       81    29.7985434600         29.7985434600         0.00000000000     
       82    25.7582521500         25.7582521500         0.00000000000     
       83    21.7179608400         21.7179608400         0.00000000000     
       84    19.3443925600         23.1610073200         0.00000000000     
       85    16.8369189600         24.4408560500         0.00000000000     
       86    14.2121987800         25.5451559900         0.00000000000     
       87    11.4880222100         26.4632502200         0.00000000000     
       88    8.68313924600         27.1862787800         0.00000000000     
       89    5.81707872500         27.7072641500         0.00000000000     
       90    2.91656646500         28.0205316600         0.00000000000     
       91    22.8309079100         26.9951491300         0.00000000000     
       92    19.7887876800         28.0921623300         0.00000000000     
       93    16.6461703800         29.0387051400         0.00000000000     
       94    13.4183047500         29.8256430500         0.00000000000     
       95    10.1212622100         30.4453818100         0.00000000000     
       96    6.77178176400         30.8919407000         0.00000000000     
       97    3.39277125600         31.1604557100         0.00000000000     
       98    26.3174232500         30.8292909400         0.00000000000     
       99    22.7406564000         31.7434686100         0.00000000000     
      100    19.0801419900         32.5322542800         0.00000000000     
      101    15.3485872900         33.1880358700         0.00000000000     
      102    11.5593851800         33.7044848400         0.00000000000     
      103    7.72648480400         34.0766172500         0.00000000000     
      104    3.86897604700         34.3003797500         0.00000000000     
      105    29.8039386000         34.6634327600         0.00000000000     
      106    25.6925251200         35.3947748900         0.00000000000     
      107    21.5141135900         36.0258034200         0.00000000000     
      108    17.2788698300         36.5504287000         0.00000000000     
      109    12.9975081400         36.9635878700         0.00000000000     
      110    8.68118784300         37.2612938000         0.00000000000     
      111    4.34518083700         37.4403038000         0.00000000000     
      112    33.2904539500         38.4975745700         0.00000000000     
      113    28.6443938400         39.0460811700         0.00000000000     
      114    23.9480851900         39.5193525700         0.00000000000     
      115    19.2091523800         39.9128215200         0.00000000000     
      116    14.4356311100         40.2226909000         0.00000000000     
      117    9.63589088200         40.4459703500         0.00000000000     
      118    4.82138562800         40.5802278500         0.00000000000     
      119    36.7769693000         42.3317163800         0.00000000000     
      120    31.5962625600         42.6973874400         0.00000000000     
      121    26.3820567900         43.0129017100         0.00000000000     
      122    21.1394349200         43.2752143500         0.00000000000     
      123    15.8737540700         43.4817939400         0.00000000000     
      124    10.5905939200         43.6306469000         0.00000000000     
      125    5.29759041900         43.7201519000         0.00000000000     
      126    40.2634846500         46.1658581900         0.00000000000     
      127    34.5481312800         46.3486937200         0.00000000000     
      128    28.8160284000         46.5064508600         0.00000000000     
      129    23.0697174600         46.6376071700         0.00000000000     
      130    17.3118770400         46.7408969700         0.00000000000     
      131    11.5452969600         46.8153234500         0.00000000000     
      132    5.77379520900         46.8600759500         0.00000000000     
      133  -0.169857345200E-015    46.8750000000         0.00000000000     
      134  -0.339714690400E-015    43.7500000000         0.00000000000     
      135  -0.509572035600E-015    40.6250000000         0.00000000000     
      136  -0.679429380800E-015    37.5000000000         0.00000000000     
      137  -0.849286726000E-015    34.3750000000         0.00000000000     
      138  -0.101914407100E-014    31.2500000000         0.00000000000     
      139  -0.118900141600E-014    28.1250000000         0.00000000000     
      140    43.7500000000         50.0000000000         0.00000000000     
      141    37.5000000000         50.0000000000         0.00000000000     
      142    31.2500000000         50.0000000000         0.00000000000     
      143    25.0000000000         50.0000000000         0.00000000000     
      144    18.7500000000         50.0000000000         0.00000000000     
      145    12.5000000000         50.0000000000         0.00000000000     
      146    6.25000000000         50.0000000000         0.00000000000     
      147    15.8578772100         19.3268655100         0.00000000000     
      148    13.8850502400         20.7895497700         0.00000000000     
      149    11.7782271800         22.0516068500         0.00000000000     
      150    9.55773966900         23.1008574000         0.00000000000     
      151    7.24501628100         23.9271757400         0.00000000000     
      152    4.86237568600         24.5225876000         0.00000000000     
      153    2.44036167400         24.8806076100         0.00000000000     

 LIST ALL SELECTED ELEMENTS.  (LIST NODES)

 *** ANSYS - ENGINEERING ANALYSIS SYSTEM  RELEASE Release 18.2     18.2     ***
 DISTRIBUTED ANSYS Academic Teaching Advanced                  

 00396707  VERSION=WINDOWS x64   11:54:16  MAR 27, 2018 CP=      0.875
 1   1   1   1   0   1     63     7    70     5   170   171   165   164
 tests--Static Structural (B5)                                                 


 
    ELEM MAT TYP REL ESY SEC        NODES
 
       1   1   1   1   0   1     63     7    70     5
       2   1   1   1   0   1     64    14     7    63   192   169   170   286
       3   1   1   1   0   1     65    21    14    64   207   191   192   287
       4   1   1   1   0   1     66    28    21    65   222   206   207   288
       5   1   1   1   0   1     67    35    28    66   237   221   222   289
       6   1   1   1   0   1     68    42    35    67   252   236   237   290
       7   1   1   1   0   1     69    49    42    68   267   251   252   291
       8   1   1   1   0   1      6    56    49    69   166   266   267   167
       9   1   1   1   0   1      7     8    71    70   168   174   292   171
      10   1   1   1   0   1     14    15     8     7   190   173   168   169
      11   1   1   1   0   1     21    22    15    14   205   194   190   191
      12   1   1   1   0   1     28    29    22    21   220   209   205   206
      13   1   1   1   0   1     35    36    29    28   235   224   220   221
      14   1   1   1   0   1     42    43    36    35   250   239   235   236
      15   1   1   1   0   1     49    50    43    42   265   254   250   251
      16   1   1   1   0   1     56    57    50    49   280   269   265   266
      17   1   1   1   0   1      8     9    72    71   172   177   293   174
      18   1   1   1   0   1     15    16     9     8   193   176   172   173
      19   1   1   1   0   1     22    23    16    15   208   196   193   194
      20   1   1   1   0   1     29    30    23    22   223   211   208   209
      21   1   1   1   0   1     36    37    30    29   238   226   223   224
      22   1   1   1   0   1     43    44    37    36   253   241   238   239
      23   1   1   1   0   1     50    51    44    43   268   256   253   254
      24   1   1   1   0   1     57    58    51    50   281   271   268   269
      25   1   1   1   0   1      9    10    73    72   175   180   294   177
      26   1   1   1   0   1     16    17    10     9   195   179   175   176
      27   1   1   1   0   1     23    24    17    16   210   198   195   196
      28   1   1   1   0   1     30    31    24    23   225   213   210   211
      29   1   1   1   0   1     37    38    31    30   240   228   225   226
      30   1   1   1   0   1     44    45    38    37   255   243   240   241
      31   1   1   1   0   1     51    52    45    44   270   258   255   256
      32   1   1   1   0   1     58    59    52    51   282   273   270   271
      33   1   1   1   0   1     10    11    74    73   178   183   295   180
      34   1   1   1   0   1     17    18    11    10   197   182   178   179
      35   1   1   1   0   1     24    25    18    17   212   200   197   198
      36   1   1   1   0   1     31    32    25    24   227   215   212   213
      37   1   1   1   0   1     38    39    32    31   242   230   227   228
      38   1   1   1   0   1     45    46    39    38   257   245   242   243
      39   1   1   1   0   1     52    53    46    45   272   260   257   258
      40   1   1   1   0   1     59    60    53    52   283   275   272   273
      41   1   1   1   0   1     11    12    75    74   181   186   296   183
      42   1   1   1   0   1     18    19    12    11   199   185   181   182
      43   1   1   1   0   1     25    26    19    18   214   202   199   200
      44   1   1   1   0   1     32    33    26    25   229   217   214   215
      45   1   1   1   0   1     39    40    33    32   244   232   229   230
      46   1   1   1   0   1     46    47    40    39   259   247   244   245
      47   1   1   1   0   1     53    54    47    46   274   262   259   260
      48   1   1   1   0   1     60    61    54    53   284   277   274   275
      49   1   1   1   0   1     12    13    76    75   184   188   297   186
      50   1   1   1   0   1     19    20    13    12   201   187   184   185
      51   1   1   1   0   1     26    27    20    19   216   203   201   202
      52   1   1   1   0   1     33    34    27    26   231   218   216   217
      53   1   1   1   0   1     40    41    34    33   246   233   231   232
      54   1   1   1   0   1     47    48    41    40   261   248   246   247
      55   1   1   1   0   1     54    55    48    47   276   263   261   262
      56   1   1   1   0   1     61    62    55    54   285   278   276   277
      57   1   1   1   0   1     13    83     1    76   189   155   154   188
      58   1   1   1   0   1     20    82    83    13   204   308   189   187
      59   1   1   1   0   1     27    81    82    20   219   306   204   203
      60   1   1   1   0   1     34    80    81    27   234   304   219   218
      61   1   1   1   0   1     41    79    80    34   249   302   234   233
      62   1   1   1   0   1     48    78    79    41   264   300   249   248
      63   1   1   1   0   1     55    77    78    48   279   298   264   263
      64   1   1   1   0   1     62     3    77    55   159   160   279   278
      65   1   1   1   0   1     83    84   147     1   310   313   156   155
      66   1   1   1   0   1     82    91    84    83   309   312   310   308
      67   1   1   1   0   1     81    98    91    82   307   333   309   306
      68   1   1   1   0   1     80   105    98    81   305   347   307   304
      69   1   1   1   0   1     79   112   105    80   303   361   305   302
      70   1   1   1   0   1     78   119   112    79   301   375   303   300
      71   1   1   1   0   1     77   126   119    78   299   389   301   298
      72   1   1   1   0   1      3   140   126    77   161   403   299   160
      73   1   1   1   0   1     84    85   148   147   311   316   428   313
      74   1   1   1   0   1     91    92    85    84   332   315   311   312
      75   1   1   1   0   1     98    99    92    91   346   335   332   333
      76   1   1   1   0   1    105   106    99    98   360   349   346   347
      77   1   1   1   0   1    112   113   106   105   374   363   360   361
      78   1   1   1   0   1    119   120   113   112   388   377   374   375
      79   1   1   1   0   1    126   127   120   119   402   391   388   389
      80   1   1   1   0   1    140   141   127   126   422   405   402   403
      81   1   1   1   0   1     85    86   149   148   314   319   429   316
      82   1   1   1   0   1     92    93    86    85   334   318   314   315
      83   1   1   1   0   1     99   100    93    92   348   337   334   335
      84   1   1   1   0   1    106   107   100    99   362   351   348   349
      85   1   1   1   0   1    113   114   107   106   376   365   362   363
      86   1   1   1   0   1    120   121   114   113   390   379   376   377
      87   1   1   1   0   1    127   128   121   120   404   393   390   391
      88   1   1   1   0   1    141   142   128   127   423   407   404   405
      89   1   1   1   0   1     86    87   150   149   317   322   430   319
      90   1   1   1   0   1     93    94    87    86   336   321   317   318
      91   1   1   1   0   1    100   101    94    93   350   339   336   337
      92   1   1   1   0   1    107   108   101   100   364   353   350   351
      93   1   1   1   0   1    114   115   108   107   378   367   364   365
      94   1   1   1   0   1    121   122   115   114   392   381   378   379
      95   1   1   1   0   1    128   129   122   121   406   395   392   393
      96   1   1   1   0   1    142   143   129   128   424   409   406   407
      97   1   1   1   0   1     87    88   151   150   320   325   431   322
      98   1   1   1   0   1     94    95    88    87   338   324   320   321
      99   1   1   1   0   1    101   102    95    94   352   341   338   339
     100   1   1   1   0   1    108   109   102   101   366   355   352   353
     101   1   1   1   0   1    115   116   109   108   380   369   366   367
     102   1   1   1   0   1    122   123   116   115   394   383   380   381
     103   1   1   1   0   1    129   130   123   122   408   397   394   395
     104   1   1   1   0   1    143   144   130   129   425   411   408   409
     105   1   1   1   0   1     88    89   152   151   323   328   432   325
     106   1   1   1   0   1     95    96    89    88   340   327   323   324
     107   1   1   1   0   1    102   103    96    95   354   343   340   341
     108   1   1   1   0   1    109   110   103   102   368   357   354   355
     109   1   1   1   0   1    116   117   110   109   382   371   368   369
     110   1   1   1   0   1    123   124   117   116   396   385   382   383
     111   1   1   1   0   1    130   131   124   123   410   399   396   397
     112   1   1   1   0   1    144   145   131   130   426   413   410   411
     113   1   1   1   0   1     89    90   153   152   326   331   433   328
     114   1   1   1   0   1     96    97    90    89   342   329   326   327
     115   1   1   1   0   1    103   104    97    96   356   344   342   343
     116   1   1   1   0   1    110   111   104   103   370   358   356   357
     117   1   1   1   0   1    117   118   111   110   384   372   370   371
     118   1   1   1   0   1    124   125   118   117   398   386   384   385
     119   1   1   1   0   1    131   132   125   124   412   400   398   399
     120   1   1   1   0   1    145   146   132   131   427   415   412   413
     121   1   1   1   0   1     90   139     2   153   330   157   158   331
     122   1   1   1   0   1     97   138   139    90   345   421   330   329
     123   1   1   1   0   1    104   137   138    97   359   420   345   344
     124   1   1   1   0   1    111   136   137   104   373   419   359   358
     125   1   1   1   0   1    118   135   136   111   387   418   373   372
     126   1   1   1   0   1    125   134   135   118   401   417   387   386
     127   1   1   1   0   1    132   133   134   125   414   416   401   400
     128   1   1   1   0   1    146     4   133   132   163   162   414   415

 PRINT S    NODAL SOLUTION PER NODE
    NODE      SX            SY            SZ            SXY           SYZ           SXZ     
       1   0.83000       0.53964        0.0000      -0.67178        0.0000        0.0000     
       2    6.3278       0.41260E-001   0.0000      -0.12401E-002   0.0000        0.0000     
       3   0.99863      -0.86834E-003   0.0000       0.16935E-002   0.0000        0.0000     
       4  -0.84211      -0.51712E-002   0.0000       0.19605E-002   0.0000        0.0000     
       5  -0.39916E-001  -3.9153        0.0000       0.27373E-002   0.0000        0.0000     
       6    1.0076        2.8659        0.0000      -0.24481E-002   0.0000        0.0000     
       7  -0.19848       -2.1135        0.0000      -0.30591E-001   0.0000        0.0000     
       8  -0.96690E-001  -1.8960        0.0000      -0.88922E-001   0.0000        0.0000     
       9   0.84173E-001  -1.5994        0.0000      -0.18483        0.0000        0.0000     
      10   0.34828       -1.2898        0.0000      -0.30448        0.0000        0.0000     
      11   0.68646       -1.0171        0.0000      -0.41799        0.0000        0.0000     
      12    1.0752      -0.80436        0.0000      -0.49172        0.0000        0.0000     
      13    1.4736      -0.64917        0.0000      -0.50067        0.0000        0.0000     
      14  -0.39158E-001  -1.1197        0.0000      -0.21339        0.0000        0.0000     
      15   0.14115       -1.0418        0.0000      -0.40966        0.0000        0.0000     
      16   0.41724      -0.94477        0.0000      -0.56754        0.0000        0.0000     
      17   0.75430      -0.85494        0.0000      -0.66394        0.0000        0.0000     
      18    1.1088      -0.78362        0.0000      -0.68174        0.0000        0.0000     
      19    1.4354      -0.72536        0.0000      -0.61781        0.0000        0.0000     
      20    1.6966      -0.66858        0.0000      -0.48633        0.0000        0.0000     
      21   0.19647      -0.41361        0.0000      -0.29955        0.0000        0.0000     
      22   0.39391      -0.42248        0.0000      -0.55069        0.0000        0.0000     
      23   0.67524      -0.44131        0.0000      -0.71507        0.0000        0.0000     
      24   0.98515      -0.46738        0.0000      -0.77240        0.0000        0.0000     
      25    1.2698      -0.48993        0.0000      -0.72456        0.0000        0.0000     
      26    1.4876      -0.49510        0.0000      -0.59315        0.0000        0.0000     
      27    1.6147      -0.47322        0.0000      -0.41241        0.0000        0.0000     
      28   0.43901       0.16426        0.0000      -0.33209        0.0000        0.0000     
      29   0.61645       0.92448E-001   0.0000      -0.59460        0.0000        0.0000     
      30   0.85444      -0.73657E-002   0.0000      -0.74069        0.0000        0.0000     
      31    1.0933      -0.11061        0.0000      -0.75776        0.0000        0.0000     
      32    1.2839      -0.19316        0.0000      -0.66523        0.0000        0.0000     
      33    1.3978      -0.23880        0.0000      -0.50270        0.0000        0.0000     
      34    1.4272      -0.24277        0.0000      -0.31528        0.0000        0.0000     
      35   0.65808       0.70143        0.0000      -0.32708        0.0000        0.0000     
      36   0.79232       0.56763        0.0000      -0.57179        0.0000        0.0000     
      37   0.96149       0.38808        0.0000      -0.68507        0.0000        0.0000     
      38    1.1148       0.20809        0.0000      -0.66423        0.0000        0.0000     
      39    1.2171       0.63904E-001   0.0000      -0.54358        0.0000        0.0000     
      40    1.2549      -0.26388E-001   0.0000      -0.37440        0.0000        0.0000     
      41    1.2324      -0.62692E-001   0.0000      -0.20599        0.0000        0.0000     
      42   0.83679        1.2567        0.0000      -0.28462        0.0000        0.0000     
      43   0.91540        1.0369        0.0000      -0.48422        0.0000        0.0000     
      44    1.0075       0.74740        0.0000      -0.55435        0.0000        0.0000     
      45    1.0809       0.46323        0.0000      -0.50323        0.0000        0.0000     
      46    1.1181       0.23871        0.0000      -0.37528        0.0000        0.0000     
      47    1.1169       0.95211E-001   0.0000      -0.22538        0.0000        0.0000     
      48    1.0863       0.25483E-001   0.0000      -0.98906E-001   0.0000        0.0000     
      49   0.95994        1.8785        0.0000      -0.19057        0.0000        0.0000     
      50   0.98394        1.5141        0.0000      -0.31249        0.0000        0.0000     
      51    1.0094        1.0481        0.0000      -0.33608        0.0000        0.0000     
      52    1.0263       0.61155        0.0000      -0.27764        0.0000        0.0000     
      53    1.0307       0.28900        0.0000      -0.17899        0.0000        0.0000     
      54    1.0245       0.10168        0.0000      -0.83155E-001   0.0000        0.0000     
      55    1.0124       0.21921E-001   0.0000      -0.18759E-001   0.0000        0.0000     
      56    1.0065        2.6193        0.0000      -0.86644E-002   0.0000        0.0000     
      57    1.0034        1.9902        0.0000      -0.12114E-001   0.0000        0.0000     
      58   0.99964        1.2328        0.0000      -0.91448E-002   0.0000        0.0000     
      59   0.99649       0.58918        0.0000      -0.26096E-002   0.0000        0.0000     
      60   0.99501       0.18280        0.0000       0.34049E-002   0.0000        0.0000     
      61   0.99520       0.81670E-002   0.0000       0.62477E-002   0.0000        0.0000     
      62   0.99676      -0.18864E-001   0.0000       0.52336E-002   0.0000        0.0000     
      63  -0.23081       -2.1939        0.0000       0.25620E-002   0.0000        0.0000     
      64  -0.10172       -1.1498        0.0000       0.17909E-003   0.0000        0.0000     
      65   0.12532      -0.41144        0.0000      -0.99853E-003   0.0000        0.0000     
      66   0.37309       0.19033        0.0000      -0.21784E-002   0.0000        0.0000     
      67   0.60667       0.75107        0.0000      -0.29239E-002   0.0000        0.0000     
      68   0.80561        1.3391        0.0000      -0.31945E-002   0.0000        0.0000     
      69   0.94997        2.0172        0.0000      -0.26265E-002   0.0000        0.0000     
      70  -0.73547E-001  -3.7538        0.0000       0.35553        0.0000        0.0000     
      71  -0.15838       -3.2988        0.0000       0.62620        0.0000        0.0000     
      72  -0.25171       -2.6305        0.0000       0.74983        0.0000        0.0000     
      73  -0.29823       -1.8554        0.0000       0.70042        0.0000        0.0000     
      74  -0.24437       -1.0790        0.0000       0.48924        0.0000        0.0000     
      75  -0.52078E-001 -0.38761        0.0000       0.15334        0.0000        0.0000     
      76   0.30937       0.16861        0.0000      -0.24759        0.0000        0.0000     
      77   0.99974       0.22759E-002   0.0000       0.42723E-002   0.0000        0.0000     
      78    1.0421       0.54222E-002   0.0000      -0.26449E-001   0.0000        0.0000     
      79    1.1655      -0.57985E-001   0.0000      -0.80112E-001   0.0000        0.0000     
      80    1.3795      -0.21254        0.0000      -0.14552        0.0000        0.0000     
      81    1.6442      -0.42532        0.0000      -0.21933        0.0000        0.0000     
      82    1.8650      -0.60180        0.0000      -0.30794        0.0000        0.0000     
      83    1.8325      -0.52711        0.0000      -0.43299        0.0000        0.0000     
      84    2.0944      -0.29842        0.0000      -0.38901        0.0000        0.0000     
      85    2.4047      -0.53169E-001   0.0000      -0.39336        0.0000        0.0000     
      86    2.7773       0.16590        0.0000      -0.42324        0.0000        0.0000     
      87    3.2030       0.33060        0.0000      -0.44689        0.0000        0.0000     
      88    3.6456       0.43331        0.0000      -0.42930        0.0000        0.0000     
      89    4.0437       0.48263        0.0000      -0.34596        0.0000        0.0000     
      90    4.3236       0.49841        0.0000      -0.19465        0.0000        0.0000     
      91    2.0303      -0.51406        0.0000      -0.16379        0.0000        0.0000     
      92    2.2040      -0.35153        0.0000      -0.49368E-001   0.0000        0.0000     
      93    2.3921      -0.14093        0.0000       0.24103E-001   0.0000        0.0000     
      94    2.5993       0.84441E-001   0.0000       0.53061E-001   0.0000        0.0000     
      95    2.8190       0.29037        0.0000       0.48759E-001   0.0000        0.0000     
      96    3.0245       0.45076        0.0000       0.30009E-001   0.0000        0.0000     
      97    3.1744       0.55057        0.0000       0.12282E-001   0.0000        0.0000     
      98    1.7744      -0.44758        0.0000      -0.68259E-001   0.0000        0.0000     
      99    1.8952      -0.38474        0.0000       0.82881E-001   0.0000        0.0000     
     100    2.0034      -0.24537        0.0000       0.20508        0.0000        0.0000     
     101    2.1042      -0.52968E-001   0.0000       0.27465        0.0000        0.0000     
     102    2.2014       0.15727        0.0000       0.27995        0.0000        0.0000     
     103    2.2904       0.34530        0.0000       0.22438        0.0000        0.0000     
     104    2.3562       0.47476        0.0000       0.12379        0.0000        0.0000     
     105    1.4872      -0.29144        0.0000      -0.26032E-001   0.0000        0.0000     
     106    1.5761      -0.30216        0.0000       0.12130        0.0000        0.0000     
     107    1.6379      -0.23841        0.0000       0.26092        0.0000        0.0000     
     108    1.6739      -0.10924        0.0000       0.35718        0.0000        0.0000     
     109    1.6917       0.59540E-001   0.0000       0.38056        0.0000        0.0000     
     110    1.7004       0.22835        0.0000       0.31845        0.0000        0.0000     
     111    1.7053       0.35326        0.0000       0.18114        0.0000        0.0000     
     112    1.2454      -0.13853        0.0000      -0.10617E-001   0.0000        0.0000     
     113    1.3018      -0.18312        0.0000       0.10939        0.0000        0.0000     
     114    1.3207      -0.17373        0.0000       0.24501        0.0000        0.0000     
     115    1.2994      -0.10739        0.0000       0.35507        0.0000        0.0000     
     116    1.2467       0.25657E-002   0.0000       0.39768        0.0000        0.0000     
     117    1.1826       0.12646        0.0000       0.34590        0.0000        0.0000     
     118    1.1313       0.22474        0.0000       0.20167        0.0000        0.0000     
     119    1.0871      -0.36911E-001   0.0000      -0.75207E-002   0.0000        0.0000     
     120    1.1080      -0.76597E-001   0.0000       0.68728E-001   0.0000        0.0000     
     121    1.0801      -0.90523E-001   0.0000       0.18013        0.0000        0.0000     
     122   0.99207      -0.69688E-001   0.0000       0.28796        0.0000        0.0000     
     123   0.85352      -0.17066E-001   0.0000       0.34515        0.0000        0.0000     
     124   0.69828       0.51736E-001   0.0000       0.31448        0.0000        0.0000     
     125   0.57536       0.11077        0.0000       0.18851        0.0000        0.0000     
     126    1.0137       0.80656E-003   0.0000      -0.39808E-002   0.0000        0.0000     
     127    1.0105      -0.13207E-001   0.0000       0.21460E-001   0.0000        0.0000     
     128   0.94355      -0.22341E-001   0.0000       0.85862E-001   0.0000        0.0000     
     129   0.77994      -0.21580E-001   0.0000       0.16447        0.0000        0.0000     
     130   0.52350      -0.97172E-002   0.0000       0.21894        0.0000        0.0000     
     131   0.22957       0.95967E-002   0.0000       0.21304        0.0000        0.0000     
     132  -0.82778E-002  0.27977E-001   0.0000       0.13261        0.0000        0.0000     
     133  -0.10003       0.35616E-001   0.0000       0.19684E-002   0.0000        0.0000     
     134   0.52852       0.13415        0.0000       0.23180E-002   0.0000        0.0000     
     135    1.1118       0.26227        0.0000       0.19868E-002   0.0000        0.0000     
     136    1.7070       0.39937        0.0000       0.12587E-002   0.0000        0.0000     
     137    2.3808       0.52086        0.0000       0.23577E-003   0.0000        0.0000     
     138    3.2297       0.58420        0.0000      -0.10167E-002   0.0000        0.0000     
     139    4.4248       0.50084        0.0000      -0.25420E-002   0.0000        0.0000     
     140   0.98616       0.13406E-002   0.0000       0.80595E-003   0.0000        0.0000     
     141   0.98594       0.29707E-002   0.0000      -0.28251E-002   0.0000        0.0000     
     142   0.92629       0.37592E-002   0.0000      -0.23314E-002   0.0000        0.0000     
     143   0.70723       0.29384E-002   0.0000       0.18654E-002   0.0000        0.0000     
     144   0.29775       0.70408E-003   0.0000       0.70327E-002   0.0000        0.0000     
     145  -0.22056      -0.21050E-002   0.0000       0.94977E-002   0.0000        0.0000     
     146  -0.66550      -0.43398E-002   0.0000       0.68309E-002   0.0000        0.0000     
     147    1.4573       0.79902        0.0000       -1.0730        0.0000        0.0000     
     148    2.2452       0.89960        0.0000       -1.3899        0.0000        0.0000     
     149    3.1314       0.84732        0.0000       -1.5866        0.0000        0.0000     
     150    4.0586       0.68828        0.0000       -1.6153        0.0000        0.0000     
     151    4.9391       0.47123        0.0000       -1.4520        0.0000        0.0000     
     152    5.6717       0.25557        0.0000       -1.0983        0.0000        0.0000     
     153    6.1576       0.98568E-001   0.0000      -0.59171        0.0000        0.0000     

 PRINT U    NODAL SOLUTION PER NODE
    NODE        UX            UY            UZ            USUM  
       1   0.60004E-003 -0.37771E-003   0.0000       0.70902E-003
       2    0.0000      -0.59619E-003   0.0000       0.59619E-003
       3   0.97614E-004  0.17530E-003   0.0000       0.20065E-003
       4    0.0000      -0.63332E-003   0.0000       0.63332E-003
       5   0.92756E-003   0.0000        0.0000       0.92756E-003
       6   0.97556E-003   0.0000        0.0000       0.97556E-003
       7   0.93007E-003 -0.31848E-004   0.0000       0.93061E-003
       8   0.90235E-003 -0.63956E-004   0.0000       0.90462E-003
       9   0.85819E-003 -0.96718E-004   0.0000       0.86362E-003
      10   0.80030E-003 -0.13069E-003   0.0000       0.81090E-003
      11   0.73202E-003 -0.16649E-003   0.0000       0.75072E-003
      12   0.65694E-003 -0.20465E-003   0.0000       0.68808E-003
      13   0.57877E-003 -0.24534E-003   0.0000       0.62862E-003
      14   0.93281E-003 -0.19644E-004   0.0000       0.93302E-003
      15   0.89767E-003 -0.40333E-004   0.0000       0.89857E-003
      16   0.84265E-003 -0.63105E-004   0.0000       0.84501E-003
      17   0.77235E-003 -0.88893E-004   0.0000       0.77745E-003
      18   0.69205E-003 -0.11836E-003   0.0000       0.70210E-003
      19   0.60691E-003 -0.15175E-003   0.0000       0.62560E-003
      20   0.52161E-003 -0.18870E-003   0.0000       0.55469E-003
      21   0.93444E-003 -0.93065E-005   0.0000       0.93448E-003
      22   0.89261E-003 -0.20471E-004   0.0000       0.89284E-003
      23   0.82815E-003 -0.35075E-004   0.0000       0.82890E-003
      24   0.74757E-003 -0.54175E-004   0.0000       0.74953E-003
      25   0.65778E-003 -0.78151E-004   0.0000       0.66241E-003
      26   0.56502E-003 -0.10669E-003   0.0000       0.57501E-003
      27   0.47419E-003 -0.13886E-003   0.0000       0.49411E-003
      28   0.93664E-003  0.10362E-005   0.0000       0.93664E-003
      29   0.88819E-003 -0.58874E-006   0.0000       0.88819E-003
      30   0.81453E-003 -0.69278E-005   0.0000       0.81456E-003
      31   0.72406E-003 -0.19032E-004   0.0000       0.72431E-003
      32   0.62521E-003 -0.36878E-004   0.0000       0.62630E-003
      33   0.52486E-003 -0.59585E-004   0.0000       0.52823E-003
      34   0.42770E-003 -0.85738E-004   0.0000       0.43621E-003
      35   0.93968E-003  0.12942E-004   0.0000       0.93977E-003
      36   0.88416E-003  0.22267E-004   0.0000       0.88444E-003
      37   0.80081E-003  0.25372E-004   0.0000       0.80122E-003
      38   0.70010E-003  0.21218E-004   0.0000       0.70042E-003
      39   0.59185E-003  0.10271E-004   0.0000       0.59194E-003
      40   0.48338E-003 -0.60082E-005   0.0000       0.48342E-003
      41   0.37887E-003 -0.25749E-004   0.0000       0.37974E-003
      42   0.94309E-003  0.28042E-004   0.0000       0.94350E-003
      43   0.87979E-003  0.50950E-004   0.0000       0.88126E-003
      44   0.78601E-003  0.65222E-004   0.0000       0.78871E-003
      45   0.67456E-003  0.69783E-004   0.0000       0.67816E-003
      46   0.55671E-003  0.65708E-004   0.0000       0.56058E-003
      47   0.43995E-003  0.55288E-004   0.0000       0.44341E-003
      48   0.32763E-003  0.41037E-004   0.0000       0.33019E-003
      49   0.94589E-003  0.48409E-004   0.0000       0.94712E-003
      50   0.87416E-003  0.88752E-004   0.0000       0.87866E-003
      51   0.76947E-003  0.11588E-003   0.0000       0.77815E-003
      52   0.64727E-003  0.12879E-003   0.0000       0.65996E-003
      53   0.52019E-003  0.12989E-003   0.0000       0.53616E-003
      54   0.39551E-003  0.12315E-003   0.0000       0.41424E-003
      55   0.27543E-003  0.11231E-003   0.0000       0.29745E-003
      56   0.94665E-003  0.76962E-004   0.0000       0.94978E-003
      57   0.86649E-003  0.13983E-003   0.0000       0.87770E-003
      58   0.75126E-003  0.18052E-003   0.0000       0.77265E-003
      59   0.61914E-003  0.19905E-003   0.0000       0.65034E-003
      60   0.48374E-003  0.20118E-003   0.0000       0.52390E-003
      61   0.35166E-003  0.19446E-003   0.0000       0.40185E-003
      62   0.22369E-003  0.18485E-003   0.0000       0.29018E-003
      63   0.93951E-003   0.0000        0.0000       0.93951E-003
      64   0.94491E-003   0.0000        0.0000       0.94491E-003
      65   0.94895E-003   0.0000        0.0000       0.94895E-003
      66   0.95358E-003   0.0000        0.0000       0.95358E-003
      67   0.95922E-003   0.0000        0.0000       0.95922E-003
      68   0.96553E-003   0.0000        0.0000       0.96553E-003
      69   0.97152E-003   0.0000        0.0000       0.97152E-003
      70   0.92124E-003 -0.48794E-004   0.0000       0.92253E-003
      71   0.90258E-003 -0.97429E-004   0.0000       0.90782E-003
      72   0.87245E-003 -0.14577E-003   0.0000       0.88455E-003
      73   0.83216E-003 -0.19369E-003   0.0000       0.85440E-003
      74   0.78322E-003 -0.24109E-003   0.0000       0.81948E-003
      75   0.72720E-003 -0.28782E-003   0.0000       0.78209E-003
      76   0.66574E-003 -0.33360E-003   0.0000       0.74465E-003
      77   0.15881E-003  0.99867E-004   0.0000       0.18760E-003
      78   0.21984E-003  0.24935E-004   0.0000       0.22125E-003
      79   0.27959E-003 -0.47271E-004   0.0000       0.28355E-003
      80   0.33604E-003 -0.11390E-003   0.0000       0.35482E-003
      81   0.38838E-003 -0.17354E-003   0.0000       0.42539E-003
      82   0.43965E-003 -0.22853E-003   0.0000       0.49550E-003
      83   0.50070E-003 -0.28826E-003   0.0000       0.57775E-003
      84   0.43735E-003 -0.34656E-003   0.0000       0.55802E-003
      85   0.37442E-003 -0.40531E-003   0.0000       0.55179E-003
      86   0.31210E-003 -0.46175E-003   0.0000       0.55733E-003
      87   0.25012E-003 -0.51301E-003   0.0000       0.57073E-003
      88   0.18810E-003 -0.55634E-003   0.0000       0.58728E-003
      89   0.12571E-003 -0.58928E-003   0.0000       0.60254E-003
      90   0.62979E-004 -0.60982E-003   0.0000       0.61307E-003
      91   0.38080E-003 -0.29311E-003   0.0000       0.48055E-003
      92   0.32289E-003 -0.36061E-003   0.0000       0.48404E-003
      93   0.26638E-003 -0.42792E-003   0.0000       0.50406E-003
      94   0.21137E-003 -0.49129E-003   0.0000       0.53483E-003
      95   0.15761E-003 -0.54654E-003   0.0000       0.56881E-003
      96   0.10469E-003 -0.58959E-003   0.0000       0.59881E-003
      97   0.52252E-004 -0.61692E-003   0.0000       0.61913E-003
      98   0.33492E-003 -0.24443E-003   0.0000       0.41463E-003
      99   0.28198E-003 -0.31916E-003   0.0000       0.42588E-003
     100   0.23037E-003 -0.39512E-003   0.0000       0.45737E-003
     101   0.18071E-003 -0.46832E-003   0.0000       0.50197E-003
     102   0.13318E-003 -0.53369E-003   0.0000       0.55006E-003
     103   0.87575E-004 -0.58572E-003   0.0000       0.59223E-003
     104   0.43416E-004 -0.61930E-003   0.0000       0.62082E-003
     105   0.28888E-003 -0.19345E-003   0.0000       0.34767E-003
     106   0.24164E-003 -0.27647E-003   0.0000       0.36719E-003
     107   0.19540E-003 -0.36117E-003   0.0000       0.41064E-003
     108   0.15120E-003 -0.44386E-003   0.0000       0.46891E-003
     109   0.10973E-003 -0.51899E-003   0.0000       0.53046E-003
     110   0.71117E-004 -0.57979E-003   0.0000       0.58414E-003
     111   0.34891E-004 -0.61957E-003   0.0000       0.62055E-003
     112   0.23868E-003 -0.13775E-003   0.0000       0.27558E-003
     113   0.19737E-003 -0.23045E-003   0.0000       0.30342E-003
     114   0.15688E-003 -0.32464E-003   0.0000       0.36056E-003
     115   0.11861E-003 -0.41722E-003   0.0000       0.43375E-003
     116   0.83752E-004 -0.50243E-003   0.0000       0.50936E-003
     117   0.52822E-004 -0.57240E-003   0.0000       0.57483E-003
     118   0.25386E-004 -0.61873E-003   0.0000       0.61925E-003
     119   0.18388E-003 -0.77620E-004   0.0000       0.19959E-003
     120   0.14769E-003 -0.18089E-003   0.0000       0.23352E-003
     121   0.11251E-003 -0.28507E-003   0.0000       0.30647E-003
     122   0.80152E-004 -0.38792E-003   0.0000       0.39611E-003
     123   0.52423E-004 -0.48370E-003   0.0000       0.48653E-003
     124   0.30373E-004 -0.56347E-003   0.0000       0.56429E-003
     125   0.13593E-004 -0.61695E-003   0.0000       0.61710E-003
     126   0.12593E-003 -0.14710E-004   0.0000       0.12678E-003
     127   0.93181E-004 -0.12879E-003   0.0000       0.15897E-003
     128   0.61733E-004 -0.24301E-003   0.0000       0.25073E-003
     129   0.34051E-004 -0.35607E-003   0.0000       0.35769E-003
     130   0.13152E-004 -0.46259E-003   0.0000       0.46278E-003
     131   0.11780E-005 -0.55264E-003   0.0000       0.55265E-003
     132  -0.21140E-005 -0.61384E-003   0.0000       0.61384E-003
     133    0.0000      -0.63563E-003   0.0000       0.63563E-003
     134    0.0000      -0.63585E-003   0.0000       0.63585E-003
     135    0.0000      -0.63499E-003   0.0000       0.63499E-003
     136    0.0000      -0.63343E-003   0.0000       0.63343E-003
     137    0.0000      -0.63091E-003   0.0000       0.63091E-003
     138    0.0000      -0.62629E-003   0.0000       0.62629E-003
     139    0.0000      -0.61680E-003   0.0000       0.61680E-003
     140   0.66539E-004  0.49370E-004   0.0000       0.82854E-004
     141   0.35727E-004 -0.75594E-004   0.0000       0.83611E-004
     142   0.56350E-005 -0.19972E-003   0.0000       0.19980E-003
     143  -0.20318E-004 -0.32256E-003   0.0000       0.32320E-003
     144  -0.36497E-004 -0.43936E-003   0.0000       0.44088E-003
     145  -0.37971E-004 -0.53954E-003   0.0000       0.54087E-003
     146  -0.24003E-004 -0.60855E-003   0.0000       0.60902E-003
     147   0.53105E-003 -0.42075E-003   0.0000       0.67753E-003
     148   0.45914E-003 -0.46136E-003   0.0000       0.65089E-003
     149   0.38531E-003 -0.49862E-003   0.0000       0.63015E-003
     150   0.30993E-003 -0.53148E-003   0.0000       0.61524E-003
     151   0.23335E-003 -0.55873E-003   0.0000       0.60550E-003
     152   0.15586E-003 -0.57921E-003   0.0000       0.59981E-003
     153   0.78006E-004 -0.59190E-003   0.0000       0.59701E-003
