0.0000  3.6139 
0.0200  3.6252 
0.0400  3.6467 
0.0600  3.6582 
0.0800  3.6675 
0.1000  3.6708 
0.1200  3.6686 
0.1400  3.6606 
0.1600  3.6629 
0.1800  3.6748 
0.2000  3.6900 
0.2200  3.6966 
0.2400  3.7064 
0.2600  3.7218 
0.2800  3.7385 
0.3000  3.7488 
0.3200  3.7504 
0.3400  3.7369 
0.3600  3.7292 
0.3800  3.7174 
0.4000  3.7117 
0.4200  3.7062 
0.4400  3.7108 
0.4600  3.7062 
0.4800  3.7002 
0.5000  3.7047 
0.5200  3.6996 
0.5400  3.7026 
0.5600  3.7020 
0.5800  3.6979 
0.6000  3.7002 
0.6200  3.6956 
0.6400  3.6918 
0.6600  3.6909 
0.6800  3.6868 
0.7000  3.6821 
0.7200  3.6763 
0.7400  3.6720 
0.7600  3.6702 
0.7800  3.6707 
0.8000  3.6605 
0.8200  3.6597 
0.8400  3.6499 
0.8600  3.6392 
0.8800  3.6318 
0.9000  3.6237 
0.9200  3.6327 
0.9400  3.6362 
0.9600  3.6377 
0.9800  3.6354 
1.0000  3.6356 
1.0200  3.6357 
1.0400  3.6326 
1.0600  3.6290 
1.0800  3.6319 
1.1000  3.6334 
1.1200  3.6324 
1.1400  3.6388 
1.1600  3.6367 
1.1800  3.6376 
1.2000  3.6431 
1.2200  3.6402 
1.2400  3.6383 
1.2600  3.6293 
1.2800  3.6196 
1.3000  3.6216 
1.3200  3.6203 
1.3400  3.6080 
1.3600  3.6041 
1.3800  3.6023 
1.4000  3.5952 
1.4200  3.5912 
1.4400  3.5815 
1.4600  3.5659 
1.4800  3.5557 
1.5000  3.5520 
1.5200  3.5532 
1.5400  3.5491 
1.5600  3.5452 
1.5800  3.5453 
1.6000  3.5438 
1.6200  3.5477 
1.6400  3.5491 
1.6600  3.5493 
1.6800  3.5435 
1.7000  3.5396 
1.7200  3.5366 
1.7400  3.5265 
1.7600  3.5144 
1.7800  3.4986 
1.8000  3.4833 
1.8200  3.4625 
1.8400  3.4468 
1.8600  3.4295 
1.8800  3.4060 
1.9000  3.3661 
1.9200  3.3350 
1.9400  3.3033 
1.9600  3.2791 
1.9800  3.2476 
2.0000  3.2203 
2.0200  3.1979 
2.0400  3.1832 
2.0600  3.1694 
2.0800  3.1614 
2.1000  3.1691 
2.1200  3.1627 
2.1400  3.1474 
2.1600  3.1417 
2.1800  3.1392 
2.2000  3.1217 
2.2200  3.1125 
2.2400  3.0953 
2.2600  3.0778 
2.2800  3.0526 
2.3000  3.0491 
2.3200  3.0293 
2.3400  3.0224 
2.3600  3.0205 
2.3800  3.0240 
2.4000  3.0167 
2.4200  3.0200 
2.4400  3.0187 
2.4600  3.0175 
2.4800  3.0162 
2.5000  3.0017 
2.5200  2.9813 
2.5400  2.9489 
2.5600  2.9113 
2.5800  2.8757 
2.6000  2.8730 
2.6200  2.8721 
2.6400  2.8673 
2.6600  2.8662 
2.6800  2.8680 
2.7000  2.8666 
2.7200  2.8643 
2.7400  2.8608 
2.7600  2.8564 
2.7800  2.8538 
2.8000  2.8539 
2.8200  2.8483 
2.8400  2.8524 
2.8600  2.8466 
2.8800  2.8498 
2.9000  2.8605 
2.9200  2.8727 
2.9400  2.8749 
2.9600  2.8742 
2.9800  2.8742 
3.0000  2.8732 
3.0200  2.8658 
3.0400  2.8574 
3.0600  2.8500 
3.0800  2.8402 
3.1000  2.8412 
3.1200  2.8445 
3.1400  2.8445 
3.1600  2.8470 
3.1800  2.8495 
3.2000  2.8516 
3.2200  2.8385 
3.2400  2.8324 
3.2600  2.8291 
3.2800  2.8316 
3.3000  2.8330 
3.3200  2.8307 
3.3400  2.8268 
3.3600  2.8182 
3.3800  2.8107 
3.4000  2.8080 
3.4200  2.8096 
3.4400  2.8057 
3.4600  2.8054 
3.4800  2.8012 
3.5000  2.8041 
3.5200  2.8109 
3.5400  2.8053 
3.5600  2.8025 
3.5800  2.8016 
3.6000  2.8001 
3.6200  2.7994 
3.6400  2.8035 
3.6600  2.7991 
3.6800  2.8066 
3.7000  2.8092 
3.7200  2.8092 
3.7400  2.8113 
3.7600  2.8048 
3.7800  2.8135 
3.8000  2.8132 
3.8200  2.8048 
3.8400  2.8013 
3.8600  2.8020 
3.8800  2.8051 
3.9000  2.8094 
3.9200  2.8092 
3.9400  2.8073 
3.9600  2.8080 
3.9800  2.8095 
4.0000  2.8066 
4.0200  2.8114 
4.0400  2.8127 
4.0600  2.8132 
4.0800  2.8134 
4.1000  2.8098 
4.1200  2.8128 
4.1400  2.8117 
4.1600  2.8140 
4.1800  2.8104 
4.2000  2.8100 
4.2200  2.8144 
4.2400  2.8162 
4.2600  2.8146 
4.2800  2.8175 
4.3000  2.8190 
4.3200  2.8234 
4.3400  2.8304 
4.3600  2.8234 
4.3800  2.8304 
4.4000  2.8281 
4.4200  2.8164 
4.4400  2.8114 
4.4600  2.8066 
4.4800  2.8045 
4.5000  2.8016 
4.5200  2.8004 
4.5400  2.8003 
4.5600  2.7979 
4.5800  2.7993 
4.6000  2.7949 
4.6200  2.7938 
4.6400  2.7985 
4.6600  2.8040 
4.6800  2.8060 
4.7000  2.8060 
4.7200  2.8043 
4.7400  2.8047 
4.7600  2.8039 
4.7800  2.8003 
4.8000  2.7906 
4.8200  2.7851 
4.8400  2.7892 
4.8600  2.7910 
4.8800  2.7889 
4.9000  2.7848 
4.9200  2.7846 
4.9400  2.7815 
4.9600  2.7880 
4.9800  2.7872 
5.0000  2.7811 
5.0200  2.7790 
5.0400  2.7757 
5.0600  2.7752 
5.0800  2.7727 
5.1000  2.7638 
5.1200  2.7534 
5.1400  2.7454 
5.1600  2.7382 
5.1800  2.7310 
5.2000  2.7363 
5.2200  2.7384 
5.2400  2.7389 
5.2600  2.7348 
5.2800  2.7350 
5.3000  2.7346 
5.3200  2.7342 
5.3400  2.7315 
5.3600  2.7303 
5.3800  2.7303 
5.4000  2.7341 
5.4200  2.7306 
5.4400  2.7321 
5.4600  2.7308 
5.4800  2.7307 
5.5000  2.7323 
5.5200  2.7414 
5.5400  2.7403 
5.5600  2.7382 
5.5800  2.7395 
5.6000  2.7409 
5.6200  2.7418 
5.6400  2.7478 
5.6600  2.7476 
5.6800  2.7492 
5.7000  2.7512 
5.7200  2.7564 
5.7400  2.7571 
5.7600  2.7484 
5.7800  2.7497 
5.8000  2.7479 
5.8200  2.7460 
5.8400  2.7485 
5.8600  2.7420 
5.8800  2.7413 
5.9000  2.7438 
5.9200  2.7425 
5.9400  2.7428 
5.9600  2.7400 
5.9800  2.7260 
6.0000  2.7262 
6.0200  2.7211 
6.0400  2.7130 
6.0600  2.7092 
6.0800  2.7101 
6.1000  2.7129 
6.1200  2.7180 
6.1400  2.7181 
6.1600  2.7211 
6.1800  2.7158 
6.2000  2.7207 
6.2200  2.7241 
6.2400  2.7300 
6.2600  -0.0448
6.2800  0.0140 
6.3000  0.0736 
6.3200  -0.4077
6.3400  -0.3518
6.3600  -0.2922
6.3800  -0.2432
6.4000  -0.1900
6.4200  -0.1228
6.4400  -0.0698
6.4600  -0.0090
6.4800  0.0496 
6.5000  0.1082 
6.5200  0.1727 
6.5400  0.2282 
6.5600  0.2849 
6.5800  0.3425 
6.6000  0.3951 
6.6200  0.4499 
6.6400  0.0125 
6.6600  -0.4837
6.6800  -0.4289
6.7000  -0.3889
6.7200  -0.3336
6.7400  -0.2820
6.7600  -0.2328
6.7800  -0.1876
6.8000  -0.1419
6.8200  -0.0751
6.8400  -0.0287
6.8600  0.0259 
6.8800  0.0793 
6.9000  0.1376 
6.9200  0.2034 
6.9400  0.2544 
6.9600  0.3113 
6.9800  0.3767 
7.0000  0.4261 
7.0200  0.4865 
7.0400  0.5488 
7.0600  -0.3947
7.0800  -0.3255
7.1000  -0.2627
7.1200  -0.2073
7.1400  -0.1559
7.1600  -0.1067
7.1800  -0.0506
7.2000  -0.0124
7.2200  0.0453 
7.2400  0.0906 
7.2600  0.1258 
7.2800  0.1698 
7.3000  0.2104 
7.3200  0.2646 
7.3400  0.3329 
7.3600  0.4013 
7.3800  0.4678 
7.4000  0.5289 
7.4200  -0.3443
7.4400  -0.2884
7.4600  -0.2265
7.4800  -0.1872
7.5000  -0.1278
7.5200  -0.0650
7.5400  -0.0063
7.5600  0.0491 
7.5800  0.0991 
7.6000  0.1487 
7.6200  0.2080 
7.6400  0.2599 
7.6600  -0.2651
7.6800  -0.2040
7.7000  -0.1599
7.7200  -0.1238
7.7400  -0.0829
7.7600  -0.0404
7.7800  -0.0008
7.8000  0.0410 
7.8200  0.0963 
7.8400  0.1420 
7.8600  0.1948 
7.8800  -0.3551
7.9000  -0.3068
7.9200  -0.2509
7.9400  -0.2039
7.9600  -0.1534
7.9800  -0.0879
8.0000  -0.0311
8.0200  0.0240 
8.0400  0.0881 
8.0600  0.1453 
8.0800  0.2026 
8.1000  0.2576 
8.1200  0.3114 
8.1400  -0.0656
8.1600  -0.0111
8.1800  0.0413 
8.2000  2.7734 
8.2200  2.7752 
8.2400  2.7754 
8.2600  2.7711 
8.2800  2.7712 
8.3000  2.7687 
8.3200  2.7611 
8.3400  2.7624 
8.3600  2.7658 
8.3800  2.7706 
8.4000  2.7693 
8.4200  2.7681 
8.4400  2.7717 
8.4600  2.7739 
8.4800  2.7704 
8.5000  2.7744 
8.5200  2.7813 
8.5400  2.7843 
8.5600  2.7776 
8.5800  2.7769 
8.6000  2.7670 
8.6200  2.7667 
8.6400  2.7549 
8.6600  2.7496 
8.6800  2.7575 
8.7000  2.7673 
8.7200  2.7632 
8.7400  2.7709 
8.7600  2.7806 
8.7800  2.7874 
8.8000  2.7885 
8.8200  2.7869 
8.8400  2.7865 
8.8600  2.7919 
8.8800  2.7829 
8.9000  2.7902 
8.9200  2.7873 
8.9400  2.7788 
8.9600  2.7773 
8.9800  2.7666 
9.0000  2.7588 
9.0200  2.7544 
9.0400  2.7427 
9.0600  2.7482 
9.0800  2.7522 
9.1000  2.7550 
9.1200  2.7593 
9.1400  2.7609 
9.1600  2.7522 
9.1800  2.7444 
9.2000  2.7423 
9.2200  2.7388 
9.2400  2.7374 
9.2600  2.7404 
9.2800  2.7305 
9.3000  2.7313 
9.3200  2.7321 
9.3400  2.7293 
9.3600  2.7290 
9.3800  2.7317 
9.4000  2.7289 
9.4200  2.7244 
9.4400  2.7291 
9.4600  2.7287 
9.4800  2.7269 
9.5000  2.7202 
9.5200  2.7196 
9.5400  2.7148 
9.5600  2.7155 
9.5800  2.7177 
9.6000  2.7179 
9.6200  2.7217 
9.6400  2.7140 
9.6600  2.7056 
9.6800  2.7074 
9.7000  2.7125 
9.7200  2.7197 
9.7400  2.7247 
9.7600  2.7274 
9.7800  2.7258 
9.8000  2.7200 
9.8200  2.7157 
9.8400  2.7101 
9.8600  2.7104 
9.8800  2.7048 
9.9000  2.7030 
9.9200  2.7147 
9.9400  2.7104 
9.9600  2.7094 
9.9800  2.7016 
10.0000 2.7083 
10.0200 2.7092 
10.0400 2.7063 
10.0600 2.7054 
10.0800 2.7140 
10.1000 2.7275 
10.1200 2.7399 
10.1400 2.7472 
10.1600 2.7452 
10.1800 2.7360 
10.2000 2.7316 
10.2200 2.7308 
10.2400 2.7331 
10.2600 2.7167 
10.2800 2.7110 
10.3000 2.7041 
10.3200 2.7067 
10.3400 2.7074 
10.3600 2.7037 
10.3800 2.7048 
10.4000 2.7074 
10.4200 2.7149 
10.4400 2.7193 
10.4600 2.7105 
10.4800 2.7195 
10.5000 2.7215 
10.5200 2.7179 
10.5400 2.7250 
10.5600 2.7430 
10.5800 2.7622 
10.6000 2.7807 
10.6200 2.7947 
10.6400 2.8016 
10.6600 2.7928 
10.6800 2.7862 
10.7000 2.7847 
10.7200 2.7811 
10.7400 2.7893 
10.7600 2.7925 
10.7800 2.8103 
10.8000 2.8053 
10.8200 2.8039 
10.8400 2.7978 
10.8600 2.7890 
10.8800 2.7933 
10.9000 2.7943 
10.9200 2.8103 
10.9400 2.8251 
10.9600 2.8248 
10.9800 2.8347 
11.0000 2.8262 
11.0200 2.8246 
11.0400 2.8299 
11.0600 2.8232 
11.0800 2.8172 
11.1000 2.8110 
11.1200 2.8031 
11.1400 2.8004 
11.1600 2.7970 
11.1800 2.7895 
11.2000 2.7877 
11.2200 2.7818 
11.2400 2.7767 
11.2600 2.7703 
11.2800 2.7820 
11.3000 2.7721 
11.3200 2.7676 
11.3400 2.7592 
11.3600 2.7619 
11.3800 2.7555 
11.4000 2.7614 
11.4200 2.7561 
11.4400 2.7528 
11.4600 2.7573 
11.4800 2.7590 
11.5000 2.7582 
11.5200 2.7583 
11.5400 2.7593 
11.5600 2.7557 
11.5800 2.7536 
11.6000 2.7645 
11.6200 2.7584 
11.6400 2.7545 
11.6600 2.7486 
11.6800 2.7502 
11.7000 2.7621 
11.7200 2.7607 
11.7400 2.7710 
11.7600 2.7756 
11.7800 2.7787 
11.8000 2.7805 
11.8200 2.7676 
11.8400 2.7547 
11.8600 2.7615 
11.8800 2.7766 
11.9000 2.8048 
11.9200 2.8341 
11.9400 2.8561 
11.9600 2.8699 
11.9800 2.8878 
12.0000 2.8994 
12.0200 2.9115 
12.0400 2.9297 
12.0600 2.9478 
12.0800 2.9514 
12.1000 2.9525 
12.1200 2.9542 
12.1400 2.9523 
12.1600 2.9567 
12.1800 2.9602 
12.2000 2.9588 
12.2200 2.9573 
12.2400 2.9563 
12.2600 2.9565 
12.2800 2.9568 
12.3000 2.9472 
12.3200 2.9377 
12.3400 2.9318 
12.3600 2.9299 
12.3800 2.9287 
12.4000 2.9281 
12.4200 2.9316 
12.4400 2.9286 
12.4600 2.9231 
12.4800 2.9260 
12.5000 2.9311 
12.5200 2.9249 
12.5400 2.9294 
12.5600 2.9273 
12.5800 2.9255 
12.6000 2.9279 
12.6200 2.9283 
12.6400 2.9303 
12.6600 2.9309 
12.6800 2.9306 
12.7000 2.9375 
12.7200 2.9338 
12.7400 2.9348 
12.7600 2.9403 
12.7800 2.9344 
12.8000 2.9261 
12.8200 2.9249 
12.8400 2.9205 
12.8600 2.9210 
12.8800 2.9189 
12.9000 2.9207 
12.9200 2.9192 
12.9400 2.9200 
12.9600 2.9223 
12.9800 2.9175 
13.0000 2.9172 
13.0200 2.9148 
13.0400 2.9159 
13.0600 2.9096 
13.0800 2.9066 
13.1000 2.9087 
13.1200 2.9074 
13.1400 2.9043 
13.1600 2.9104 
13.1800 2.9172 
13.2000 2.9170 
13.2200 2.9152 
13.2400 2.9211 
13.2600 2.9219 
13.2800 2.9223 
13.3000 2.9167 
13.3200 2.9135 
13.3400 2.9070 
13.3600 2.9041 
13.3800 2.9089 
13.4000 2.9056 
13.4200 2.8999 
13.4400 2.8878 
13.4600 2.8850 
13.4800 2.8863 
13.5000 2.8930 
13.5200 2.8948 
13.5400 2.9027 
13.5600 2.9080 
13.5800 2.9145 
13.6000 2.9371 
13.6200 2.9506 
13.6400 2.9653 
13.6600 2.9784 
13.6800 2.9887 
13.7000 2.9881 
13.7200 2.9842 
13.7400 2.9820 
13.7600 2.9859 
13.7800 2.9782 
13.8000 2.9862 
13.8200 2.9902 
13.8400 2.9919 
13.8600 2.9933 
13.8800 2.9936 
13.9000 2.9959 
13.9200 3.0021 
13.9400 2.9971 
13.9600 3.0053 
13.9800 3.0125 
14.0000 3.0127 
14.0200 3.0163 
14.0400 3.0106 
14.0600 3.0015 
14.0800 3.0068 
14.1000 3.0011 
14.1200 2.9921 
14.1400 2.9881 
14.1600 2.9919 
14.1800 2.9998 
14.2000 3.0058 
14.2200 2.9914 
14.2400 2.9821 
14.2600 2.9813 
14.2800 2.9725 
14.3000 2.9720 
14.3200 2.9755 
14.3400 2.9797 
14.3600 2.9838 
14.3800 2.9750 
14.4000 2.9762 
14.4200 2.9730 
14.4400 2.9776 
14.4600 2.9792 
14.4800 2.9810 
14.5000 2.9789 
14.5200 2.9744 
14.5400 2.9658 
14.5600 2.9521 
14.5800 2.9386 
14.6000 2.9258 
14.6200 2.9280 
14.6400 2.9250 
14.6600 2.9271 
14.6800 2.9231 
14.7000 2.9333 
14.7200 2.9408 
14.7400 2.9379 
14.7600 2.9355 
14.7800 -0.1322
14.8000 -0.0729
14.8200 -0.0153
14.8400 0.0408 
14.8600 0.0979 
14.8800 0.1580 
14.9000 -0.2973
14.9200 -0.2398
14.9400 -0.1736
14.9600 -0.1147
14.9800 -0.0489
15.0000 0.0147 
15.0200 0.0708 
15.0400 0.1329 
15.0600 0.1940 
15.0800 0.2503 
15.1000 0.2953 
15.1200 -0.1475
15.1400 -0.0854
15.1600 -0.0223
15.1800 0.0293 
15.2000 0.0896 
15.2200 0.1454 
15.2400 -0.4056
15.2600 -0.3627
15.2800 -0.3231
15.3000 -0.2759
15.3200 -0.2307
15.3400 -0.1819
15.3600 -0.1326
15.3800 -0.0691
15.4000 -0.0096
15.4200 0.0453 
15.4400 0.1056 
15.4600 0.1576 
15.4800 0.2165 
15.5000 0.2722 
15.5200 0.3337 
15.5400 0.3846 
15.5600 0.4357 
15.5800 -0.4943
15.6000 -0.4379
15.6200 -0.3803
15.6400 -0.3420
15.6600 -0.2871
15.6800 -0.2299
15.7000 -0.1740
15.7200 -0.1205
15.7400 -0.0584
15.7600 -0.0018
15.7800 0.0406 
15.8000 0.0867 
15.8200 0.1513 
15.8400 0.2016 
15.8600 0.2423 
15.8800 0.2938 
15.9000 0.3329 
15.9200 0.3887 
15.9400 0.4362 
15.9600 -0.5003
15.9800 -0.4626
16.0000 -0.4250
16.0200 -0.3817
16.0400 -0.3300
16.0600 -0.2832
16.0800 -0.2306
16.1000 -0.1810
16.1200 -0.1239
16.1400 -0.0620
16.1600 -0.0003
16.1800 0.0629 
16.2000 0.1115 
16.2200 0.1681 
16.2400 0.2301 
16.2600 0.2824 
16.2800 0.3251 
16.3000 0.3725 
16.3200 0.4086 
16.3400 0.4610 
16.3600 0.5220 
16.3800 0.5798 
16.4000 -0.2407
16.4200 -0.1864
16.4400 -0.1221
16.4600 -0.0551
16.4800 0.0037 
16.5000 0.0628 
16.5200 0.1093 
16.5400 0.1679 
16.5600 0.2264 
16.5800 0.2884 
16.6000 -0.2133
16.6200 -0.1546
16.6400 -0.0921
16.6600 -0.0462
16.6800 0.0191 
16.7000 0.0718 
16.7200 0.1231 
16.7400 0.1700 
16.7600 -0.2085
16.7800 -0.1438
16.8000 -0.0891
16.8200 -0.0377
16.8400 0.0195 
16.8600 0.0618 
16.8800 0.1074 
16.9000 0.1791 
16.9200 3.0311 
16.9400 3.0394 
16.9600 3.0355 
16.9800 3.0287 
17.0000 3.0251 
17.0200 3.0310 
17.0400 3.0398 
17.0600 3.0457 
17.0800 3.0500 
17.1000 3.0461 
17.1200 3.0386 
17.1400 3.0382 
17.1600 3.0481 
17.1800 3.0517 
17.2000 3.0584 
17.2200 3.0527 
17.2400 3.0512 
17.2600 3.0529 
17.2800 3.0566 
17.3000 3.0540 
17.3200 3.0611 
17.3400 3.0561 
17.3600 3.0525 
17.3800 3.0512 
17.4000 3.0600 
17.4200 3.0704 
17.4400 3.0836 
17.4600 3.0842 
17.4800 3.0854 
17.5000 3.0754 
17.5200 3.0732 
17.5400 3.0663 
17.5600 3.0554 
17.5800 3.0476 
17.6000 3.0430 
17.6200 3.0373 
17.6400 3.0366 
17.6600 3.0324 
17.6800 3.0311 
17.7000 3.0265 
17.7200 3.0246 
17.7400 3.0126 
17.7600 3.0161 
17.7800 3.0186 
17.8000 3.0221 
17.8200 3.0227 
17.8400 3.0192 
17.8600 3.0124 
17.8800 2.9988 
17.9000 2.9969 
17.9200 2.9972 
17.9400 2.9965 
17.9600 2.9972 
17.9800 3.0096 
18.0000 3.0169 
18.0200 3.0120 
18.0400 3.0036 
18.0600 3.0052 
18.0800 3.0126 
18.1000 3.0305 
18.1200 3.0420 
18.1400 3.0356 
18.1600 3.0302 
18.1800 3.0322 
18.2000 3.0323 
18.2200 3.0217 
18.2400 3.0188 
18.2600 3.0255 
18.2800 3.0375 
18.3000 3.0400 
18.3200 3.0373 
18.3400 3.0325 
18.3600 3.0236 
18.3800 3.0270 
18.4000 3.0368 
18.4200 3.0472 
18.4400 3.0511 
18.4600 3.0474 
18.4800 3.0438 
18.5000 3.0443 
18.5200 3.0473 
18.5400 3.0450 
18.5600 3.0358 
18.5800 3.0216 
18.6000 3.0329 
18.6200 3.0334 
18.6400 3.0271 
18.6600 3.0273 
18.6800 3.0274 
18.7000 3.0249 
18.7200 3.0311 
18.7400 3.0457 
18.7600 3.0585 
18.7800 3.0605 
18.8000 3.0618 
18.8200 3.0628 
18.8400 3.0599 
18.8600 3.0566 
18.8800 3.0527 
18.9000 3.0552 
18.9200 3.0519 
18.9400 3.0455 
18.9600 3.0402 
18.9800 3.0353 
19.0000 3.0257 
19.0200 3.0097 
19.0400 3.0086 
19.0600 3.0112 
19.0800 3.0133 
19.1000 3.0231 
19.1200 3.0265 
19.1400 3.0198 
19.1600 3.0183 
19.1800 3.0133 
19.2000 3.0025 
19.2200 3.0002 
19.2400 2.9964 
19.2600 3.0050 
19.2800 3.0092 
19.3000 3.0045 
19.3200 3.0037 
19.3400 2.9851 
19.3600 2.9690 
19.3800 2.9770 
19.4000 2.9780 
19.4200 2.9778 
19.4400 2.9798 
19.4600 2.9802 
19.4800 2.9845 
19.5000 2.9993 
19.5200 3.0068 
19.5400 2.9984 
19.5600 3.0001 
19.5800 3.0021 
19.6000 3.0023 
19.6200 3.0011 
19.6400 2.9906 
19.6600 2.9875 
19.6800 2.9847 
19.7000 2.9820 
19.7200 2.9848 
19.7400 2.9851 
19.7600 2.9740 
19.7800 2.9678 
19.8000 2.9623 
19.8200 2.9597 
19.8400 2.9518 
19.8600 2.9546 
19.8800 2.9419 
19.9000 2.9370 
19.9200 2.9405 
19.9400 2.9458 
19.9600 2.9459 
19.9800 2.9459 
20.0000 2.9437 
20.0200 2.9492 
20.0400 2.9376 
20.0600 2.9411 
20.0800 2.9410 
20.1000 2.9392 
20.1200 2.9344 
20.1400 2.9284 
20.1600 2.9295 
20.1800 2.9277 
20.2000 2.9480 
20.2200 2.9668 
20.2400 2.9712 
20.2600 2.9748 
20.2800 2.9744 
20.3000 2.9706 
20.3200 2.9754 
20.3400 2.9675 
20.3600 2.9727 
20.3800 2.9712 
20.4000 2.9776 
20.4200 2.9814 
20.4400 2.9950 
20.4600 3.0031 
20.4800 3.0117 
20.5000 3.0251 
20.5200 3.0263 
20.5400 3.0324 
20.5600 3.0352 
20.5800 3.0274 
20.6000 3.0226 
20.6200 3.0092 
20.6400 2.9979 
20.6600 2.9885 
20.6800 2.9805 
20.7000 2.9740 
20.7200 2.9699 
20.7400 2.9687 
20.7600 2.9749 
20.7800 2.9680 
20.8000 2.9587 
20.8200 2.9522 
20.8400 2.9512 
20.8600 2.9509 
20.8800 2.9588 
20.9000 2.9650 
20.9200 2.9660 
20.9400 2.9703 
20.9600 2.9636 
20.9800 2.9487 
21.0000 2.9327 
21.0200 2.9125 
21.0400 2.8907 
21.0600 2.8762 
21.0800 2.8691 
21.1000 2.8608 
21.1200 2.8705 
21.1400 2.8798 
21.1600 2.8963 
21.1800 2.9122 
21.2000 2.9235 
21.2200 2.9307 
21.2400 2.9237 
21.2600 2.9243 
21.2800 2.9264 
21.3000 2.9323 
21.3200 2.9347 
21.3400 2.9297 
21.3600 2.9381 
21.3800 2.9377 
21.4000 2.9263 
21.4200 2.9168 
21.4400 2.9186 
21.4600 2.9168 
21.4800 2.9295 
21.5000 2.9338 
21.5200 2.9442 
21.5400 2.9577 
21.5600 2.9670 
21.5800 2.9837 
21.6000 2.9989 
21.6200 3.0067 
21.6400 3.0166 
21.6600 2.9980 
21.6800 2.9886 
21.7000 2.9867 
21.7200 2.9787 
21.7400 2.9774 
21.7600 2.9689 
21.7800 2.9694 
21.8000 2.9698 
21.8200 2.9670 
21.8400 2.9636 
21.8600 2.9596 
21.8800 2.9594 
21.9000 2.9508 
21.9200 2.9480 
21.9400 2.9406 
21.9600 2.9427 
21.9800 2.9391 
22.0000 2.9395 
22.0200 2.9437 
22.0400 2.9463 
22.0600 2.9436 
22.0800 2.9413 
22.1000 2.9362 
22.1200 2.9404 
22.1400 2.9323 
22.1600 2.9279 
22.1800 2.9100 
22.2000 2.8932 
22.2200 2.8776 
22.2400 2.8649 
22.2600 2.8509 
22.2800 2.8297 
22.3000 2.8265 
22.3200 2.8221 
22.3400 2.8309 
22.3600 2.8305 
22.3800 2.8305 
22.4000 2.8343 
22.4200 2.8366 
22.4400 2.8490 
22.4600 2.8562 
22.4800 2.8626 
22.5000 2.8615 
22.5200 2.8574 
22.5400 2.8520 
22.5600 2.8511 
22.5800 2.8544 
22.6000 2.8512 
22.6200 2.8502 
22.6400 2.8380 
22.6600 2.8422 
22.6800 2.8428 
22.7000 2.8511 
22.7200 2.8402 
22.7400 2.8389 
22.7600 2.8360 
22.7800 2.8313 
22.8000 2.8370 
22.8200 2.8375 
22.8400 2.8412 
22.8600 2.8489 
22.8800 2.8383 
22.9000 2.8409 
22.9200 2.8394 
22.9400 2.8412 
22.9600 2.8370 
22.9800 2.8269 
23.0000 2.8256 
23.0200 2.8265 
23.0400 2.8326 
23.0600 2.8268 
23.0800 2.8334 
23.1000 2.8276 
23.1200 2.8334 
23.1400 2.8421 
23.1600 2.8564 
23.1800 2.8646 
23.2000 2.8656 
23.2200 2.8598 
23.2400 2.8565 
23.2600 2.8538 
23.2800 2.8517 
23.3000 2.8475 
23.3200 2.8366 
23.3400 2.8304 
23.3600 2.8244 
23.3800 2.8203 
23.4000 2.8182 
23.4200 2.8170 
23.4400 2.8137 
23.4600 2.8103 
23.4800 2.8150 
23.5000 -0.3018
23.5200 -0.2428
23.5400 -0.1825
23.5600 -0.1227
23.5800 -0.0664
23.6000 -0.0065
23.6200 0.0553 
23.6400 0.1147 
23.6600 0.1768 
23.6800 0.2398 
23.7000 0.3012 
23.7200 -0.3408
23.7400 -0.2783
23.7600 -0.2214
23.7800 -0.1759
23.8000 -0.1291
23.8200 -0.0868
23.8400 -0.0747
23.8600 -0.0073
23.8800 0.0520 
23.9000 0.1176 
23.9200 0.1776 
23.9400 0.2406 
23.9600 0.2987 
23.9800 0.3581 
24.0000 0.4173 
24.0200 -0.0248
24.0400 0.0321 
24.0600 -0.2033
24.0800 -0.1496
24.1000 -0.0824
24.1200 -0.0243
24.1400 0.0368 
24.1600 0.1033 
24.1800 0.1619 
24.2000 0.2016 
24.2200 -0.4008
24.2400 -0.3531
24.2600 -0.2926
24.2800 -0.2363
24.3000 -0.1778
24.3200 -0.1349
24.3400 -0.0740
24.3600 -0.0091
24.3800 0.0419 
24.4000 0.0753 
24.4200 0.1000 
24.4400 0.1317 
24.4600 0.1638 
24.4800 0.2065 
24.5000 0.2442 
24.5200 -0.4312
24.5400 -0.3830
24.5600 -0.3210
24.5800 -0.2646
24.6000 -0.2057
24.6200 -0.1485
24.6400 -0.0881
24.6600 -0.0216
24.6800 0.0433 
24.7000 0.1013 
24.7200 0.1642 
24.7400 0.2234 
24.7600 0.2842 
24.7800 0.3422 
24.8000 0.4004 
24.8200 0.4622 
24.8400 -0.3910
24.8600 -0.3346
24.8800 -0.2922
24.9000 -0.2355
24.9200 -0.1714
24.9400 -0.1135
24.9600 -0.0595
24.9800 -0.0027
25.0000 0.0630 
25.0200 0.1178 
25.0400 0.1699 
25.0600 0.2202 
25.0800 0.2714 
25.1000 -0.2839
25.1200 -0.2317
25.1400 -0.1770
25.1600 -0.1146
25.1800 -0.0508
25.2000 0.0152 
25.2200 0.0664 
25.2400 0.1238 
25.2600 0.1701 
25.2800 0.2237 
25.3000 0.2759 
25.3200 -0.3693
25.3400 -0.3039
25.3600 -0.2419
25.3800 -0.1862
25.4000 -0.1251
25.4200 -0.0671
25.4400 -0.0091
25.4600 0.0530 
25.4800 0.1094 
25.5000 0.1569 
25.5200 0.2206 
25.5400 0.2838 
25.5600 0.3391 
25.5800 2.6820 
25.6000 2.6914 
25.6200 2.7009 
25.6400 2.7036 
25.6600 2.7028 
25.6800 2.7182 
25.7000 2.7209 
25.7200 2.7238 
25.7400 2.7261 
25.7600 2.7364 
25.7800 2.7320 
25.8000 2.7263 
25.8200 2.7224 
25.8400 2.7220 
25.8600 2.7173 
25.8800 2.7156 
25.9000 2.7217 
25.9200 2.7278 
25.9400 2.7429 
25.9600 2.7313 
25.9800 2.7310 
26.0000 2.7274 
26.0200 2.7245 
26.0400 2.7224 
26.0600 2.7144 
26.0800 2.7168 
26.1000 2.7170 
26.1200 2.7168 
26.1400 2.7066 
26.1600 2.7162 
26.1800 2.7118 
26.2000 2.7104 
26.2200 2.7116 
26.2400 2.7095 
26.2600 2.7120 
26.2800 2.7096 
26.3000 2.6913 
26.3200 2.6853 
26.3400 2.6785 
26.3600 2.6766 
26.3800 2.6684 
26.4000 2.6569 
26.4200 2.6395 
26.4400 2.6343 
26.4600 2.6277 
26.4800 2.6189 
26.5000 2.6140 
26.5200 2.6179 
26.5400 2.6293 
26.5600 2.6364 
26.5800 2.6444 
26.6000 2.6393 
26.6200 2.6343 
26.6400 2.6339 
26.6600 2.6259 
26.6800 2.6261 
26.7000 2.6269 
26.7200 2.6285 
26.7400 2.6233 
26.7600 2.6123 
26.7800 2.5975 
26.8000 2.5800 
26.8200 2.5657 
26.8400 2.5647 
26.8600 2.5566 
26.8800 2.5465 
26.9000 2.5477 
26.9200 2.5505 
26.9400 2.5464 
26.9600 2.5395 
26.9800 2.5369 
27.0000 2.5394 
27.0200 2.5440 
27.0400 2.5463 
27.0600 2.5463 
27.0800 2.5488 
27.1000 2.5465 
27.1200 2.5483 
27.1400 2.5441 
27.1600 2.5385 
27.1800 2.5264 
27.2000 2.5217 
27.2200 2.5177 
27.2400 2.5179 
27.2600 2.5155 
27.2800 2.5188 
27.3000 2.5336 
27.3200 2.5435 
27.3400 2.5614 
27.3600 2.5727 
27.3800 2.5807 
27.4000 2.5698 
27.4200 2.5620 
27.4400 2.5618 
27.4600 2.5592 
27.4800 2.5489 
27.5000 2.5502 
27.5200 2.5476 
27.5400 2.5560 
27.5600 2.5574 
27.5800 2.5532 
27.6000 2.5536 
27.6200 2.5555 
27.6400 2.5580 
27.6600 2.5513 
27.6800 2.5376 
27.7000 2.5382 
27.7200 2.5494 
27.7400 2.5573 
27.7600 2.5652 
27.7800 2.5753 
27.8000 2.5762 
27.8200 2.5762 
27.8400 2.5850 
27.8600 2.5969 
27.8800 2.6082 
27.9000 2.6119 
27.9200 2.6180 
27.9400 2.6159 
27.9600 2.6022 
27.9800 2.5879 
28.0000 2.5864 
28.0200 2.5873 
28.0400 2.5827 
28.0600 2.5767 
28.0800 2.5775 
28.1000 2.5761 
28.1200 2.5731 
28.1400 2.5763 
28.1600 2.5743 
28.1800 2.5657 
28.2000 2.5580 
28.2200 2.5560 
28.2400 2.5625 
28.2600 2.5598 
28.2800 2.5548 
28.3000 2.5490 
28.3200 2.5493 
28.3400 2.5440 
28.3600 2.5396 
28.3800 2.5384 
28.4000 2.5429 
28.4200 2.5430 
28.4400 2.5462 
28.4600 2.5419 
28.4800 2.5331 
28.5000 2.5223 
28.5200 2.5116 
28.5400 2.5069 
28.5600 2.5058 
28.5800 2.5099 
28.6000 2.5025 
28.6200 2.5036 
28.6400 2.4975 
28.6600 2.5018 
28.6800 2.4913 
28.7000 2.4884 
28.7200 2.4831 
28.7400 2.4760 
28.7600 2.4683 
28.7800 2.4496 
28.8000 2.4421 
28.8200 2.4478 
28.8400 2.4440 
28.8600 2.4456 
28.8800 2.4437 
28.9000 2.4428 
28.9200 2.4372 
28.9400 2.4302 
28.9600 2.4300 
28.9800 2.4255 
29.0000 2.4233 
29.0200 2.4186 
29.0400 2.4142 
29.0600 2.4209 
29.0800 2.4250 
29.1000 2.4263 
29.1200 2.4265 
29.1400 2.4274 
29.1600 2.4254 
29.1800 2.4195 
29.2000 2.4174 
29.2200 2.4148 
29.2400 2.4003 
29.2600 2.3864 
29.2800 2.3690 
29.3000 2.3587 
29.3200 2.3440 
29.3400 2.3339 
29.3600 2.3224 
29.3800 2.3203 
29.4000 2.3216 
29.4200 2.3304 
29.4400 2.3260 
29.4600 2.3365 
29.4800 2.3456 
29.5000 2.3487 
29.5200 2.3502 
29.5400 2.3477 
29.5600 2.3469 
29.5800 2.3531 
29.6000 2.3574 
29.6200 2.3544 
29.6400 2.3580 
29.6600 2.3608 
29.6800 2.3579 
29.7000 2.3498 
29.7200 2.3445 
29.7400 2.3431 
29.7600 2.3415 
29.7800 2.3468 
29.8000 2.3439 
29.8200 2.3366 
29.8400 2.3269 
29.8600 2.3215 
29.8800 2.3141 
29.9000 2.3119 
29.9200 2.3019 
29.9400 2.2862 
29.9600 2.2714 
29.9800 2.2544 
30.0000 2.2280 
0.0000  3.5967 
0.0200  3.5867 
0.0400  3.5870 
0.0600  3.5966 
0.0800  3.6005 
0.1000  3.6092 
0.1200  3.6071 
0.1400  3.6089 
0.1600  3.6033 
0.1800  3.5904 
0.2000  3.5852 
0.2200  3.5772 
0.2400  3.5710 
0.2600  3.5650 
0.2800  3.5669 
0.3000  3.5749 
0.3200  3.5828 
0.3400  3.5860 
0.3600  3.5915 
0.3800  3.5852 
0.4000  3.5911 
0.4200  3.5805 
0.4400  3.5692 
0.4600  3.5702 
0.4800  3.5600 
0.5000  3.5600 
0.5200  3.5551 
0.5400  3.5378 
0.5600  3.5326 
0.5800  3.5287 
0.6000  3.5157 
0.6200  3.5089 
0.6400  3.5022 
0.6600  3.4998 
0.6800  3.4951 
0.7000  3.4919 
0.7200  3.4945 
0.7400  3.4921 
0.7600  3.4957 
0.7800  3.4963 
0.8000  3.4966 
0.8200  3.5060 
0.8400  3.5012 
0.8600  3.5015 
0.8800  3.4989 
0.9000  3.5008 
0.9200  3.4991 
0.9400  3.4979 
0.9600  3.4951 
0.9800  3.4925 
1.0000  3.4936 
1.0200  3.4876 
1.0400  3.4834 
1.0600  3.4843 
1.0800  3.4829 
1.1000  3.4796 
1.1200  3.4836 
1.1400  3.4824 
1.1600  3.4746 
1.1800  3.4626 
1.2000  3.4643 
1.2200  3.4676 
1.2400  3.4704 
1.2600  3.4646 
1.2800  3.4458 
1.3000  3.4381 
1.3200  3.4280 
1.3400  3.4129 
1.3600  3.3922 
1.3800  3.3753 
1.4000  3.3616 
1.4200  3.3485 
1.4400  3.3269 
1.4600  3.3075 
1.4800  3.3026 
1.5000  3.3023 
1.5200  3.3082 
1.5400  3.3101 
1.5600  3.3120 
1.5800  3.3187 
1.6000  3.3246 
1.6200  3.3254 
1.6400  3.3312 
1.6600  3.3303 
1.6800  3.3265 
1.7000  3.3235 
1.7200  3.3134 
1.7400  3.3034 
1.7600  3.3033 
1.7800  3.2969 
1.8000  3.2963 
1.8200  3.2889 
1.8400  3.2730 
1.8600  3.2593 
1.8800  3.2561 
1.9000  3.2351 
1.9200  3.2171 
1.9400  3.2131 
1.9600  3.1948 
1.9800  3.1907 
2.0000  3.1833 
2.0200  3.1808 
2.0400  3.1818 
2.0600  3.1695 
2.0800  3.1589 
2.1000  3.1441 
2.1200  3.1351 
2.1400  3.1247 
2.1600  3.1033 
2.1800  3.0801 
2.2000  3.0622 
2.2200  3.0416 
2.2400  3.0340 
2.2600  3.0267 
2.2800  3.0115 
2.3000  2.9976 
2.3200  2.9911 
2.3400  2.9922 
2.3600  2.9789 
2.3800  2.9706 
2.4000  2.9703 
2.4200  2.9607 
2.4400  2.9576 
2.4600  2.9554 
2.4800  2.9549 
2.5000  2.9496 
2.5200  2.9387 
2.5400  2.9439 
2.5600  2.9423 
2.5800  2.9461 
2.6000  2.9433 
2.6200  2.9446 
2.6400  2.9380 
2.6600  2.9309 
2.6800  2.9251 
2.7000  2.9292 
2.7200  2.9247 
2.7400  2.9255 
2.7600  2.9272 
2.7800  2.9336 
2.8000  2.9281 
2.8200  2.9244 
2.8400  2.9266 
2.8600  2.9238 
2.8800  2.9235 
2.9000  2.9223 
2.9200  2.9186 
2.9400  2.9201 
2.9600  2.9211 
2.9800  2.9207 
3.0000  2.9224 
3.0200  2.9212 
3.0400  2.9202 
3.0600  2.9205 
3.0800  2.9238 
3.1000  2.9246 
3.1200  2.9283 
3.1400  2.9290 
3.1600  2.9189 
3.1800  2.9103 
3.2000  2.9011 
3.2200  2.8969 
3.2400  2.9087 
3.2600  2.9198 
3.2800  2.9234 
3.3000  2.9280 
3.3200  2.9384 
3.3400  2.9379 
3.3600  2.9447 
3.3800  2.9486 
3.4000  2.9446 
3.4200  2.9382 
3.4400  2.9356 
3.4600  2.9241 
3.4800  2.9182 
3.5000  2.9199 
3.5200  2.9206 
3.5400  2.9254 
3.5600  2.9246 
3.5800  2.9180 
3.6000  2.9087 
3.6200  2.9006 
3.6400  2.8947 
3.6600  2.8881 
3.6800  2.8732 
3.7000  2.8732 
3.7200  2.8713 
3.7400  2.8698 
3.7600  2.8660 
3.7800  2.8640 
3.8000  2.8594 
3.8200  2.8424 
3.8400  2.8352 
3.8600  2.8395 
3.8800  2.8413 
3.9000  2.8448 
3.9200  2.8472 
3.9400  2.8504 
3.9600  2.8568 
3.9800  2.8563 
4.0000  2.8555 
4.0200  2.8571 
4.0400  2.8549 
4.0600  2.8607 
4.0800  2.8652 
4.1000  2.8613 
4.1200  2.8592 
4.1400  2.8621 
4.1600  2.8606 
4.1800  2.8598 
4.2000  2.8606 
4.2200  2.8676 
4.2400  2.8683 
4.2600  2.8741 
4.2800  2.8745 
4.3000  2.8796 
4.3200  2.8849 
4.3400  2.8802 
4.3600  2.8798 
4.3800  2.8795 
4.4000  2.8792 
4.4200  2.8785 
4.4400  2.8791 
4.4600  2.8785 
4.4800  2.8763 
4.5000  2.8778 
4.5200  2.8768 
4.5400  2.8793 
4.5600  2.8770 
4.5800  2.8749 
4.6000  2.8747 
4.6200  2.8754 
4.6400  2.8783 
4.6600  2.8803 
4.6800  2.8799 
4.7000  2.8827 
4.7200  2.8830 
4.7400  2.8860 
4.7600  2.8891 
4.7800  2.8886 
4.8000  2.8819 
4.8200  2.8717 
4.8400  2.8546 
4.8600  2.8438 
4.8800  2.8334 
4.9000  2.8315 
4.9200  2.8363 
4.9400  2.8371 
4.9600  2.8294 
4.9800  2.8244 
5.0000  2.8309 
5.0200  2.8483 
5.0400  2.8504 
5.0600  2.8543 
5.0800  2.8587 
5.1000  2.8684 
5.1200  2.8590 
5.1400  2.8555 
5.1600  2.8577 
5.1800  2.8530 
5.2000  2.8526 
5.2200  2.8692 
5.2400  2.8620 
5.2600  2.8489 
5.2800  2.8452 
5.3000  2.8491 
5.3200  2.8440 
5.3400  2.8446 
5.3600  2.8472 
5.3800  2.8532 
5.4000  2.8550 
5.4200  2.8532 
5.4400  2.8550 
5.4600  2.8607 
5.4800  2.8620 
5.5000  2.8650 
5.5200  2.8654 
5.5400  2.8600 
5.5600  2.8639 
5.5800  2.8670 
5.6000  2.8733 
5.6200  2.8717 
5.6400  2.8693 
5.6600  2.8731 
5.6800  2.8618 
5.7000  2.8644 
5.7200  2.8635 
5.7400  2.8629 
5.7600  2.8704 
5.7800  2.8787 
5.8000  2.8732 
5.8200  2.8688 
5.8400  2.8620 
5.8600  2.8573 
5.8800  2.8487 
5.9000  2.8480 
5.9200  2.8450 
5.9400  2.8538 
5.9600  2.8636 
5.9800  2.8661 
6.0000  2.8769 
6.0200  2.8752 
6.0400  2.8688 
6.0600  2.8650 
6.0800  2.8672 
6.1000  2.8597 
6.1200  2.8582 
6.1400  2.8579 
6.1600  2.8490 
6.1800  2.8479 
6.2000  2.8482 
6.2200  2.8479 
6.2400  2.8415 
6.2600  2.8437 
6.2800  2.8413 
6.3000  2.8447 
6.3200  2.8398 
6.3400  2.8385 
6.3600  -0.4278
6.3800  -0.3812
6.4000  -0.3334
6.4200  -0.2871
6.4400  -0.2359
6.4600  -0.1776
6.4800  -0.1212
6.5000  -0.0778
6.5200  -0.0490
6.5400  -0.0035
6.5600  0.0337 
6.5800  0.0854 
6.6000  0.1274 
6.6200  0.1683 
6.6400  0.2292 
6.6600  0.2917 
6.6800  0.3517 
6.7000  0.4404 
6.7200  0.4912 
6.7400  0.5390 
6.7600  0.5862 
6.7800  0.6407 
6.8000  -0.0880
6.8200  -0.0365
6.8400  0.0210 
6.8600  0.0740 
6.8800  0.1312 
6.9000  -0.4109
6.9200  -0.3431
6.9400  -0.2870
6.9600  -0.2415
6.9800  -0.1831
7.0000  -0.1378
7.0200  -0.0737
7.0400  -0.0135
7.0600  0.0439 
7.0800  0.1016 
7.1000  0.1509 
7.1200  0.1885 
7.1400  0.2284 
7.1600  0.2748 
7.1800  0.3170 
7.2000  0.3520 
7.2200  0.4000 
7.2400  0.4657 
7.2600  0.5203 
7.2800  0.5866 
7.3000  -0.1245
7.3200  -0.0573
7.3400  -0.0005
7.3600  0.0553 
7.3800  0.1190 
7.4000  -0.2134
7.4200  -0.1536
7.4400  -0.0993
7.4600  -0.0341
7.4800  0.0209 
7.5000  0.0474 
7.5200  0.0665 
7.5400  0.1312 
7.5600  0.1989 
7.5800  -0.6352
7.6000  -0.5694
7.6200  -0.5090
7.6400  -0.4486
7.6600  -0.3792
7.6800  -0.3189
7.7000  -0.2642
7.7200  -0.2242
7.7400  -0.1761
7.7600  -0.1135
7.7800  -0.0594
7.8000  0.0099 
7.8200  0.0579 
7.8400  0.1171 
7.8600  0.1741 
7.8800  0.2280 
7.9000  0.2992 
7.9200  0.3738 
7.9400  0.4309 
7.9600  0.4769 
7.9800  0.5140 
8.0000  0.6247 
8.0200  0.6677 
8.0400  0.7086 
8.0600  0.7259 
8.0800  0.7360 
8.1000  0.7601 
8.1200  0.7772 
8.1400  0.7915 
8.1600  -0.1050
8.1800  -0.0668
8.2000  -0.0212
8.2200  0.0325 
8.2400  -0.1623
8.2600  -0.1000
8.2800  -0.0415
8.3000  0.0070 
8.3200  0.0800 
8.3400  0.1399 
8.3600  2.5104 
8.3800  2.5036 
8.4000  2.5071 
8.4200  2.5056 
8.4400  2.5061 
8.4600  2.5042 
8.4800  2.4982 
8.5000  2.5058 
8.5200  2.5120 
8.5400  2.5071 
8.5600  2.5166 
8.5800  2.5160 
8.6000  2.5108 
8.6200  2.5145 
8.6400  2.5100 
8.6600  2.4990 
8.6800  2.4848 
8.7000  2.4783 
8.7200  2.4758 
8.7400  2.4659 
8.7600  2.4321 
8.7800  2.4238 
8.8000  2.4188 
8.8200  2.4184 
8.8400  2.4126 
8.8600  2.4157 
8.8800  2.4217 
